1118190122
1338210116
2402210231
1678190112
1453210211
1453210230
2902210224
2701210101
2701210102
2701210103
2701210104
2701210105
2701210106
2701210107
2701210108
2701210109
2701210110
2701210111
2701210112
2701210113
2701210114
2701210115
2701210116
2701210117
2701210118
2701210119
2701210120
2701210122
2701210123
2701210124
2701210125
2701210126
2701210127
2701210128
2701210129
2701210130
1449190214
2903190201
1453210218
2902210112
2701180128
1407210119
2701210201
2701210202
2701210203
2701210204
2701210205
2701210206
2701210207
2701210208
2701210209
2701210210
2701210211
2701210212
2701210213
2701210214
2701210215
2701210216
2701210217
2701210218
2701210219
2701210220
2701210221
2701210222
2701210223
2701210224
2701210226
2701210227
2701210228
2701210229
2701210230
2303210320
2405210306
1126210214
1677210213
1678210918
1678211010
2904190227
2701200517
1453210127
1453210205
2704190223
1407210223
2701210301
2701210302
2701210303
2701210304
2701210305
2701210306
2701210307
2701210308
2701210309
2701210310
2701210311
2701210312
2701210313
2701210314
2701210315
2701210316
2701210317
2701210318
2701210319
2701210320
2701210321
2701210322
2701210323
2701210324
2701210325
1126210328
2701210326
2701210327
2701210328
2701210329
2701210330
2904210228
1339210321
1677190235
1678190717
2704190122
1407210226
1118190217
1126210309
2701210401
2701210402
2701210403
2701210404
2701210405
2701210406
2701210407
2701210408
2701210409
2701210410
2701210411
2701210412
2701210413
2701210414
2701210415
2701210416
2701210417
2701210418
2701210419
2701210420
2701210421
2701210422
2701210423
2701210424
2701210425
2701210426
2701210427
2701210428
2701210429
2701210430
1678211018
2502210101
1453210215
1407210227
2606210329
2707210129
2707210130
2606210212
2707210101
2707210102
2707210103
2707210104
2707210105
2707210106
2707210107
2707210108
2707210109
2707210110
2707210111
2707210112
2707210114
2707210115
2707210116
2707210117
2707210119
2707210120
2707210121
2707210122
2707210123
2707210124
2707210125
2707210126
2707210127
2707210128
1678210529
2502210314
2902210205
2707210201
2707210202
2707210203
2707210204
2707210205
2707210206
2707210207
2707210208
2707210209
2707210210
2707210211
2707210212
2707210213
2707210214
2707210215
2707210216
2707210217
2707210218
2707210219
2707210220
2707210221
2707210222
2707210223
2707210224
2707210225
2707210226
2707210227
2707210228
2707210229
2707210230
1670190118
2706200111
2706200112
2706200117
2706190104
2706190108
2706190129
2706210101
2706210102
2706210103
2706210104
2706210105
2706210106
2706210108
2706210109
2706210110
2706210111
2706210112
2706210113
2706210114
2706210115
2706210116
2706210117
2706210118
2706210119
2706210120
2706210121
2706210122
2706210124
2706210125
2706210126
2706210128
2706210129
2702190117
2901210220
2902210320
2702190225
2702210101
2702210102
2702210103
2702210104
2702210105
2702210106
2702210107
2702210108
2702210109
2702210110
2702210111
2702210112
2702210113
2702210114
2702210115
2702210116
2702210117
2702210118
2702210119
2702210120
2702210121
2702210122
2702210123
2702210124
2702210125
2702210126
2702210127
2702210128
2702210130
2801210107
2702200129
2902210219
2902210325
1407210120
1678210306
2606210103
2702210201
2702210202
2702210203
2702210204
2702210205
2702210206
2702210207
2702210208
2702210209
2702210210
2702210211
2702210213
2702210214
2702210215
2702210216
2702210217
2702210218
2702210219
2702210220
2702210221
2702210222
2702210223
2702210224
2702210225
2702210226
2702210227
2702210228
2702210229
2702210230
